3903966500000009
3467488700000018
0416754100000025
1242156600000034
5806483700000048
4078876100000050
4971534800000064
5908685300000072
7703733200000082
5004787100000097
0647995600000103
0678422100000113
1258780300000126
0397369300000130
2503461600000147
4858272300000155
1728743700000163
7263856200000174
3957776100000183
7110035300000195
2939478300000205
1562254500000212
4053914800000226
4586169300000236
5451135500000242
0373010600000259
3592633200000269
1382997500000271
4287652800000287
9919128600000293
7716140400000307
7187054600000316
8246884900000328
8801087900000333
6879285200000349
1391858800000354
7447218200000366
9951950700000371
3068012100000387
6125623500000399
8053335200000403
4134651100000414
7017338000000422
6354502600000438
2995249900000445
7255089700000458
8252854600000465
8116352600000474
4118737700000480
7247137100000494
8456992000000505
0564202600000517
3552849600000521
9630923900000532
6978008100000544
7670698900000550
6315031900000565
9610140700000570
5776959900000587
3699790300000599
3285714600000604
0761180700000614
8859548900000624
0989914400000631
3390658600000647
2673582500000657
8943332500000666
4343497900000676
4810399500000680
7814659600000693
5400946300000709
7093184500000711
7582698400000727
7186802500000732
6467920600000741
4126063900000752
4310216200000767
2783728500000778
7426844300000785
6898747100000791
8832024400000805
9478785600000814
2741106900000824
9576149900000837
5227481500000847
3152908100000854
9441402300000862
7011600300000873
3409347600000885
5404507600000892
4278424400000906
2550674100000910
2627095500000921
4591597100000936
3799953300000949
1039892200000951
8418666200000963
3738621900000973
1090843900000987
5905029000000996
8094878100001006
4111622700001018
4302833500001020
4527737800001037
5843536000001043
6732172700001059
1201756400001063
1010300800001075
9536098600001083
6319136400001090
7854438700001104
3196406500001117
5915023800001120
5476932600001133
2738035300001147
7411696100001158
0780948700001163
8750188500001175
5356721400001186
8555418500001199
0952369300001200
3436243000001218
7884210100001222
6581868100001233
5538142700001241
8753195900001256
9354465100001260
3542143900001279
9893232200001287
1754803800001292
5942715000001308
6927578400001311
5879192400001329
9997227700001337
3110261800001348
7582387000001356
6620844700001363
5367847100001379
5840570200001381
2057940500001396
0270827300001400
5435009700001410
0395000400001429
2721149300001434
6666059800001446
1431429500001456
7827044300001462
1644058800001479
4644152300001487
0646853800001499
6856291400001506
7889387700001516
4326969100001523
2593131700001532
1855099700001544
7092860500001558
2411024500001564
7300619900001578
1751661300001581
6057872000001595
3536973800001609
3399601700001611
7815628500001621
4624567900001633
3072000300001648
3149478100001654
7974179700001661
5121912200001674
3965968400001686
0554237200001699
3666656100001708
8047161400001713
7706502500001729
7712394800001738
5043525500001742
2125830500001751
0245483200001769
6461509300001772
0367634000001787
5663180300001796
2406550100001809
0825818000001816
6794037500001820
1304317500001838
7032565500001846
4933235100001854
0573048200001861
7160267100001870
6163731300001880
3467948200001899
9651033000001903
4228802600001918
3892305600001927
6446840900001932
0503043500001948
8756794000001955
9343609400001967
4522223200001971
7378925700001982
0259292100001990
5643667200002002
3065290200002015
3702072200002024
9713755400002034
2170745100002047
6161163600002057
6508220300002068
2371945300002071
5255808500002081
2465313100002097
6590813200002102
4235680400002117
2692879200002125
3598629400002133
8848180600002140
0339363700002151
4492195600002161
6455969700002176
5476474600002183
2057606000002198
4547614500002209
8107796400002216
5339296600002229
9337497000002231
6403560300002246
7026181700002259
3685561700002261
0646548400002273
8895499300002289
9102231500002299
9036643800002301
3068654400002314
5310205300002325
4568873900002334
9668318600002349
1567213900002355
6511774300002366
2213272100002371
3018206500002388
7351680200002391
5235100300002403
4288910400002411
3355313200002428
4832865600002432
0011216900002444
5576891100002455
3698723400002463
0660436600002478
6970169800002483
3751664100002490
4303757700002505
3608964700002519
6489279500002529
6465206600002537
6803393700002541
7379136900002551
9401406200002561
4477765300002577
6782911600002587
6058329300002590
8044037600002607
7654419100002613
0859166800002629
8181596600002639
9301698500002645
8522615700002659
1063843600002666
8103069200002677
9235133900002681
9547696800002699
2530969700002703
9931743700002710
6940479500002726
2331511700002738
6498087900002745
9007566300002759
7231257600002762
0275382200002772
4204275400002782
8835498100002799
3445912900002802
5171093600002817
3316080000002829
6552465700002839
2051372900002848
8920157400002851
8020841700002864
9895675800002873
7092743500002885
5586053000002899
5715224300002905
2499347200002912
4941508000002929
5898328000002930
9983327600002942
8651045600002950
3098291700002969
8073266300002971
7473849700002986
0602268600002997
8760699400003002
9703567200003019
0658067200003022
4867645400003030
3369356200003049
4669254400003056
1943825200003067
0198762000003076
0813595000003083
7319855100003092
5045217400003105
4941563500003117
6583463200003129
9530213900003137
1845141600003148
3570316100003155
8644406600003168
7269399600003179
9331767200003189
1636717700003196
7322308200003203
2627735900003211
8808690700003226
5555644600003233
8603706100003249
6095364300003251
7613743500003263
9828564300003270
3482643400003289
6499165800003291
4634269200003306
7322967400003311
2568022800003323
6309159800003336
1326918800003343
4205872200003355
3825263900003360
9303801200003370
3384683200003385
0570394800003391
0632283300003405
4484496900003416
2650682800003422
6209347300003432
2286030400003446
7893074400003455
6054073600003460
1555048200003479
8811217100003484
1653698400003496
1382238400003507
1691295100003514
8622993300003529
8866040100003534
9032646700003547
0704675600003550
6985940900003560
2954378500003571
9375754900003583
4442419000003590
1950389800003605
7622327200003614
6603345700003624
1105215300003635
0254064900003640
2627190700003658
8221671900003660
8143416400003678
6206846100003685
3884903700003692
4511522500003709
5989055600003717
9657030500003722
3194322800003731
0515930400003741
2955603500003753
6029554800003766
6639077000003776
2071487800003781
9255212100003791
1607167900003809
2095987300003811
9565535400003821
7112253500003830
1543144600003840
6316409500003859
5620176900003861
8912440800003871
1632070700003889
3359444900003899
2826505600003905
0886404500003911
9971700200003920
3517279600003933
5120176300003946
7721986800003959
8607629900003969
8092788200003970
1144030800003982
0211080000003993
6274665400004004
8485479700004016
0422722900004028
6408429000004032
6843799500004044
6830728700004053
8297646200004062
8922334000004078
2851946500004080
4981488200004093
0028682400004100
9483825200004114
2031419900004129
1907711900004130
3379415500004145
5385737900004152
3220419700004161
0149470900004174
1907072800004187
0339618200004191
5129236500004200
6263072300004213
8529247500004223
7246338100004236
6200797300004245
1463316100004256
8820517400004267
4409700500004274
4151037300004281
9572655600004295
6091167700004306
0879094500004313
0282558400004327
1789256800004338
5519396600004340
9579546700004355
6523007300004363
7731292800004370
6391457500004383
3578935700004396
0903996800004407
6908028600004411
7984779000004428
4683250200004437
5256145700004446
3786184000004453
8245267600004462
4726241900004479
7888238800004481
2643683600004495
3035603000004501
7592003700004511
0173651800004526
3510558800004537
7255295200004540
4644893900004559
1127656200004567
2747426300004570
4187061700004582
2713672700004591
8676130500004602
2429702100004613
4106713100004624
8747684400004638
4127632100004647
7704728300004652
5004256200004664
4290166500004676
9156477300004689
6904389100004697
8152737300004708
6849426600004716
3149133700004729
2337338300004730
4463959500004741
3560738300004752
4227755900004761
0883379000004770
3752240700004787
9699972600004797
1638209400004805
9804594000004813
6228627800004825
9790438800004837
9263268300004849
6803943500004855
8535025100004864
9616904000004879
4248844600004886
4493028900004893
0360531700004904
9430690000004910
1610258600004927
1811210200004937
6844171000004941
2600531600004950
9482170200004967
7239364200004974
6068870200004986
3328656700004995
9510424100005004
6021863400005016
7927659100005022
8116785800005035
5719950500005043
7285120000005055
1470983900005063
9578539000005074
0011716500005085
5626828000005097
7528350500005100
2757069000005112
8018393900005127
6576088900005139
3099696000005141
7387090000005156
0383514300005169
9491280700005171
8986167800005181
0772692800005191
3140403500005203
4288288100005210
0691381500005226
7896034300005239
6031188700005245
0783766900005256
2727654500005261
6316781300005270
8661479400005285
6795575700005298
5973518100005308
7074089800005315
4828534300005329
0687334800005335
5310523200005341
4284094600005351
7664927100005368
8684154600005376
8885017400005382
3785743400005393
1112486400005405
4408156000005413
3573859400005427
4911378600005433
8994759400005445
1943605900005459
7248932400005469
4578254100005476
4554060400005480
8494666400005496
0220666000005506
3306959500005519
2615319300005524
7094658600005539
8286048300005540
0911608800005553
7032145900005562
4430239000005575
5787460400005587
7273454300005596
5959420800005605
9511003500005613
7343949900005629
8643486100005633
0404622700005641
7507534500005658
8080589500005663
6300472400005679
3481729600005686
8965520300005694
3930945500005702
0684500000005712
6013222200005728
2089204700005737
1090478400005747
5602802400005757
0305829200005761
4918078100005775
7744448900005783
0130154400005797
1699081400005801
8430131100005814
0757138300005827
6238702000005837
6399125100005843
6030351400005854
4616199800005868
3561703500005875
3346500400005886
0344050500005897
1134242800005907
1018244700005913
7065069300005925
1594091300005930
2476024200005941
4507064700005958
7049832200005969
0160275400005975
3513757300005989
1003672500005997
9750292300006000
1853510800006011
6135810100006029
1149075100006032
6018951200006048
5980080800006053
9657751800006061
8590442000006075
4596328800006089
1893613500006091
7856666400006100
3658098700006110
6739238500006128
2990226000006139
3389153400006146
3023132800006155
0774370500006169
6979351600006176
8951616900006185
3055375600006195
5408225800006207
1297803800006212
2108260700006221
8522470900006237
2096344600006244
9439697800006251
0994791600006268
6680582900006272
0155824900006285
8784875000006296
7444580300006301
6031051100006314
9889028800006320
2650301000006339
6773776300006340
8150983800006353
8271479800006364
3698621400006379
1879552500006388
7968916800006399
3590208700006405
7955382500006418
6144781600006422
8949127400006431
7861970800006444
8732679400006457
9586302300006460
9630827700006476
1500200300006482
7555360200006494
1886022200006501
0728917000006516
7721924800006524
0143765000006532
6599711900006541
8399760600006556
5476924900006565
5045895500006571
6645954700006584
0399115800006590
5346707200006601
3191278000006614
3453112200006624
6137297000006630
4181465700006644
9582472700006651
1023157800006669
8073153500006673
8162949900006680
1035954200006695
7771441200006706
7058506600006714
4403822100006727
2563315200006739
8332946800006740
5492450800006752
9120361700006762
2827199100006771
2354912600006781
5392810000006798
2427136500006807
3846037200006819
8280636100006829
6737967100006839
0913478000006845
8268842800006855
8384658200006868
2393985200006875
9856766700006887
0278809900006890
5751433900006902
9528592500006911
7015692600006920
3074263700006934
5880439300006941
0336383000006952
8454502800006966
0122971500006973
8172487500006980
1234065800006990
2247275400007008
8880795500007011
0497262300007024
1701372500007037
9624598600007041
9967832900007053
7289004100007060
9452379500007077
5191299200007082
8599030700007096
7888041900007101
1634329100007116
5047239200007126
0030639300007134
3913334400007145
1717128600007158
5269771700007165
8794009400007179
9392849900007185
3265461100007192
8705544500007206
1511527400007219
5993503800007222
2938670600007234
4041408500007248
6191486900007250
7732781900007266
9677374000007270
8032040800007289
5909781700007293
5692423300007305
9014074800007312
9021420900007325
3211040700007334
0916449500007341
6296166000007350
6120521900007367
4426825000007375
3667262000007389
0472054600007393
6682013600007400
6546997200007412
7301142200007426
8168606300007437
9679006600007445
7026298100007454
3036558500007462
6644727600007477
1671637300007486
6190301800007493
0647153900007507
1948136400007519
0458942700007529
8371311600007533
7531060400007545
5649213200007552
7126744500007569
0363471400007575
5557371100007583
4606950600007591
8226981900007602
4040984600007610
3146957500007620
3932738500007630
7338379900007648
7408465700007659
8157654200007662
4743251100007676
8403193000007681
5399168900007694
7485927500007706
1493907900007715
6728858400007729
0952741400007735
0221616800007748
5736905600007751
9848544600007763
4103738700007779
5282372100007781
4574830700007790
3670018600007806
3800200900007818
4837750200007822
3881300800007835
8880177600007847
7979191500007850
9447071500007862
7962180900007874
8090986700007887
9580497400007891
4416121800007902
3904725600007911
4464343200007925
0156340700007935
8331761000007948
5362510200007952
8661315300007965
4217726700007975
7115727200007982
6453755500007990
4369444900008001
6585955700008019
6624818600008021
5303178700008037
1767128900008046
7777424000008050
8868955700008062
0503200500008071
7830032000008080
0974337300008099
3312061100008100
3346473300008113
7868288400008121
9714087500008136
3894715000008140
4188824600008154
0062067100008162
3055820300008173
2979040700008187
6876212300008199
3873444900008200
6944360600008217
6978477200008220
8580815200008235
1356925600008243
3227825600008255
2256240200008265
9848102300008274
3912180700008288
0369517700008293
5459953800008307
6889802300008317
2573480400008329
3658938700008337
9588329900008347
0980035400008355
8472409700008365
8480987900008376
3796985100008386
8630904700008398
5329519400008407
7969730000008413
2972845800008425
0981941600008435
7383699300008449
8545047200008452
4464122300008466
3252681500008475
1989894800008483
4936309700008499
7738951200008504
9875683900008513
9189339900008521
4267477300008539
4036878700008542
5754783600008559
1474966300008569
0207190500008578
0410129800008584
9429485800008598
2541306400008606
4615633800008614
9600891000008620
6590360700008635
3507563000008648
5671901900008653
7115027600008668
8893591000008673
6372004500008684
8188299900008694
2262761700008705
4201332000008710
7949284000008721
1405514700008732
4313940300008746
6052672500008750
8842805900008761
4759916500008778
6985401000008785
2828763700008799
6704776300008803
4125400300008814
0004016300008820
1130978600008831
6006769100008847
9476699600008853
2924319400008861
2351257800008879
5042665800008889
0246435600008892
4907024200008908
5167657100008916
5454002000008926
5689135500008934
3753998600008948
0458131700008956
7617839300008969
1724399800008970
9438517500008988
7259568400008990
2933426500009001
2197205100009012
7822290100009024
1529205600009034
9993380500009044
1123297900009053
8930053300009062
3645603600009076
9512540600009085
5417488200009093
9449975200009101
5992150000009110
0157773300009126
1425519400009134
7366311800009148
2026528700009158
6343098200009162
6191495100009172
4179480900009185
1258538100009196
9461455000009208
6510681000009214
0006127400009226
4429022900009233
7123683400009247
5661473600009250
9552726200009267
9939380000009277
9237281900009285
4701667700009293
1401763800009306
7871671700009318
1744573200009327
4632220500009339
9068616600009347
2370208300009351
7475237800009366
1235630500009377
5933299400009386
2654750600009398
9913202500009401
2709014700009419
2004929400009421
0609106000009431
0764800200009446
7039306500009452
0821015100009468
7800082200009475
8878890700009489
1467444600009496
3673956800009501
3985718700009517
1750669900009525
2688034500009539
1191879300009549
8096173400009554
6144963100009565
2294750800009574
8117030900009580
3976800400009590
3702343700009607
8437137000009619
6977296700009624
1351578900009638
4819478400009644
3215797400009656
0414591600009664
2889580200009671
6431325600009689
6933009000009696
6042170500009707
5050872500009717
1684053600009724
6696996500009738
1295900400009745
2771518600009751
9819345000009762
2781857100009772
7669875100009788
6241428300009791
0155725900009809
9419103000009819
8997850500009820
9485861800009839
7654816000009848
7790942700009857
4464181000009869
2062870600009879
5823983800009889
7506926500009899
6207130500009900
5684502000009917
8659799400009928
4133411200009935
3306624400009942
8485607500009955
8265382700009967
9535848100009973
9005269200009980
0996163000009995
